Wavelength(nm)	Transmittance_Experimental(%)	Transmittance_Fit(%)	Refractive_index	Extintion_coefficient
198.68	64.286	88.9051	1.63686	0
199.48	37.5	88.9389	1.6348	0
200.28	20	88.9738	1.63278	0
201.08	50	89.0106	1.63079	0
201.88	39.131	89.0503	1.62884	0
202.68	4.762	89.0931	1.62693	0
203.48	54.546	89.1394	1.62505	0
204.27	22.222	89.1883	1.62322	0
205.07	14.286	89.2407	1.62141	0
205.87	24	89.2955	1.61963	0
206.67	17.647	89.3519	1.61787	0
207.47	7.143	89.409	1.61615	0
208.27	23.53	89.4661	1.61446	0
209.07	13.889	89.5222	1.6128	0
209.87	20	89.5766	1.61117	0
210.67	2.703	89.6286	1.60956	0
211.46	11.111	89.677	1.608	0
212.26	21.569	89.7227	1.60645	0
213.06	10	89.7647	1.60492	0
213.86	10.527	89.8031	1.60342	0
214.66	18.182	89.8378	1.60194	0
215.46	-3.448	89.8691	1.60048	0
216.25	12.308	89.897	1.59907	0
217.05	11.476	89.9226	1.59766	0
217.85	8	89.9461	1.59627	0
218.65	12.987	89.9679	1.59491	0
219.45	9.639	89.9887	1.59356	0
220.24	9.783	90.0086	1.59226	0
221.04	13.402	90.0289	1.59095	0
221.84	3.061	90.0495	1.58967	0
222.64	11.321	90.0711	1.58841	0
223.44	10.925	90.0938	1.58716	0
224.23	7.752	90.1177	1.58595	0
225.03	11.852	90.1435	1.58475	0
225.83	8.696	90.171	1.58356	0
226.63	3.268	90.2002	1.58238	0
227.42	6.587	90.2306	1.58124	0
228.22	4.52	90.2629	1.5801	0
229.02	7.18	90.2965	1.57898	0
229.81	6.599	90.3307	1.57789	0
230.61	7.908	90.3661	1.5768	0
231.41	4.425	90.402	1.57573	0
232.21	7.378	90.438	1.57467	0
233	8.109	90.4734	1.57364	0
233.8	6.594	90.5089	1.57261	0
234.6	6.86	90.5436	1.57159	0
235.39	4.965	90.5769	1.5706	0
236.19	8.451	90.6093	1.56961	0
236.99	8.796	90.6403	1.56864	0
237.78	6.537	90.6694	1.56769	0
238.58	8.39	90.6972	1.56674	0
239.37	10.424	90.7228	1.56581	0
240.17	10.034	90.747	1.56489	0
240.97	9.153	90.7694	1.56398	0
241.76	9.723	90.7897	1.56309	0
242.56	8.681	90.8087	1.5622	0
243.36	12.455	90.8261	1.56133	0
244.15	13.14	90.8419	1.56047	0
244.95	16.425	90.8567	1.55962	0
245.74	15.415	90.8701	1.55879	0
246.54	9.616	90.8829	1.55796	0
247.34	14.718	90.8949	1.55713	0
248.13	13.384	90.9063	1.55633	0
248.93	15.13	90.9175	1.55553	0
249.72	17.377	90.9284	1.55475	0
250.52	15.755	90.9395	1.55397	0
251.31	16.945	90.9506	1.55321	0
252.11	17.433	90.9622	1.55245	0
252.9	17.48	90.9741	1.5517	0
253.7	18.935	90.9867	1.55096	0
254.49	19.899	90.9998	1.55023	0
255.29	18.812	91.0138	1.54951	0
256.08	19.958	91.0284	1.5488	0
256.88	21.339	91.044	1.54809	0
257.67	22.544	91.0601	1.5474	0
258.47	23.065	91.0773	1.54671	0
259.26	23.151	91.095	1.54603	0
260.06	23.607	91.1136	1.54536	0
260.85	25.641	91.1327	1.5447	0
261.65	26.25	91.1526	1.54404	0
262.44	26.311	91.1727	1.54339	0
263.24	28.193	91.1936	1.54275	0
264.03	29.528	91.2145	1.54212	0
264.83	30.715	91.2359	1.54149	0
265.62	32.017	91.2572	1.54087	0
266.41	31.608	91.2785	1.54027	0
267.21	33.854	91.3	1.53966	0
268	35.128	91.321	1.53906	0
268.8	36.693	91.3421	1.53847	0
269.59	37.312	91.3625	1.53788	0
270.38	39.352	91.3825	1.53731	0
271.18	40.068	91.4023	1.53673	0
271.97	42.21	91.4212	1.53617	0
272.77	44.414	91.4397	1.53561	0
273.56	45.141	91.4573	1.53505	0
274.35	47.541	91.4741	1.53451	0
275.15	48.336	91.4904	1.53396	0
275.94	49.602	91.5057	1.53343	0
276.73	52.715	91.5202	1.5329	0
277.53	53.252	91.5341	1.53237	0
278.32	54.464	91.547	1.53186	0
279.11	55.812	91.5591	1.53135	0
279.91	57.08	91.5706	1.53084	0
280.7	59.341	91.5812	1.53034	0
281.49	59.189	91.5911	1.52984	0
282.29	59.511	91.6004	1.52934	0
283.08	62.447	91.609	1.52886	0
283.87	62.94	91.617	1.52838	0
284.66	64.72	91.6245	1.5279	0
285.46	68.842	91.6316	1.52743	0
286.25	66.722	91.6382	1.52696	0
287.04	68.059	91.6444	1.5265	0
287.83	69.429	91.6503	1.52604	0
288.63	69.874	91.6561	1.52559	0
289.42	71.226	91.6616	1.52514	0
290.21	73.568	91.6669	1.5247	0
291	72.822	91.6722	1.52426	0
291.8	72.39	91.6775	1.52382	0
292.59	74.935	91.6828	1.52339	0
293.38	75.142	91.6882	1.52296	0
294.17	75.205	91.6937	1.52254	0
294.96	77.06	91.6993	1.52212	0
295.76	77.883	91.7053	1.52171	0
296.55	78.959	91.7113	1.5213	0
297.34	78.038	91.7176	1.52089	0
298.13	78.885	91.7243	1.52049	0
298.92	81.566	91.7312	1.52009	0
299.71	81.971	91.7384	1.5197	0
300.51	83.127	91.746	1.5193	0
301.3	80.887	91.7539	1.51892	0
302.09	81.586	91.7622	1.51853	0
302.88	84.188	91.7707	1.51815	0
303.67	81.712	91.7797	1.51778	0
304.46	83.584	91.7889	1.51741	0
305.25	86.611	91.7985	1.51704	0
306.04	83.667	91.8084	1.51667	0
306.83	84.195	91.8185	1.51631	0
307.63	85.004	91.8291	1.51595	0
308.42	85.384	91.8398	1.51559	0
309.21	85.981	91.8508	1.51524	0
310	86.373	91.862	1.51489	0
310.79	85.79	91.8733	1.51454	0
311.58	88.61	91.8848	1.5142	0
312.37	86.687	91.8965	1.51386	0
313.16	87.519	91.9082	1.51352	0
313.95	88.538	91.9201	1.51319	0
314.74	88.878	91.932	1.51286	0
315.53	88.668	91.9439	1.51253	0
316.32	88.71	91.9558	1.51221	0
317.11	88.231	91.9677	1.51188	0
317.9	89.249	91.9795	1.51156	0
318.69	88.689	91.9912	1.51125	0
319.48	89.528	92.0028	1.51093	0
320.27	88.167	92.0143	1.51062	0
321.06	89.357	92.0256	1.51031	0
321.85	86.78	92.0367	1.51001	0
322.64	87.126	92.0477	1.5097	0
323.43	90.73	92.0584	1.5094	0
324.22	90.512	92.0689	1.50911	0
325.01	89.057	92.0791	1.50881	0
325.8	87.446	92.089	1.50852	0
326.59	89.458	92.0987	1.50823	0
327.38	88.093	92.1081	1.50794	0
328.17	89.716	92.1171	1.50765	0
328.95	87.488	92.1258	1.50737	0
329.74	88.973	92.1342	1.50709	0
330.53	89.375	92.1423	1.50681	0
331.32	89.675	92.1501	1.50654	0
332.11	89.262	92.1576	1.50626	0
332.9	87.889	92.1647	1.50599	0
333.69	88.134	92.1716	1.50572	0
334.48	89.798	92.1781	1.50545	0
335.27	88.622	92.1842	1.50519	0
336.05	89.261	92.19	1.50493	0
336.84	91.122	92.1956	1.50467	0
337.63	90.246	92.2009	1.50441	0
338.42	89.063	92.2059	1.50415	0
339.21	91.099	92.2106	1.5039	0
340	91.273	92.2151	1.50364	0
340.78	91.273	92.2192	1.5034	0
341.57	89.788	92.2232	1.50315	0
342.36	90.455	92.2269	1.5029	0
343.15	88.781	92.2305	1.50266	0
343.94	90.091	92.2338	1.50241	0
344.72	89.99	92.2369	1.50218	0
345.51	89.718	92.2399	1.50194	0
346.3	91.049	92.2427	1.5017	0
347.09	88.578	92.2453	1.50146	0
347.87	90.945	92.2478	1.50123	0
348.66	89.258	92.2503	1.501	0
349.45	90.309	92.2526	1.50077	0
350.24	92.499	92.2549	1.50054	0
351.02	91.413	92.257	1.50032	0
351.81	91.567	92.2592	1.50009	0
352.6	90.669	92.2613	1.49987	0
353.38	93.169	92.2633	1.49965	0
354.17	92.243	92.2653	1.49943	0
354.96	90.878	92.2674	1.49921	0
355.75	91.914	92.2695	1.499	0
356.53	90.867	92.2715	1.49879	0
357.32	91.333	92.2736	1.49857	0
358.11	92.262	92.2758	1.49836	0
358.89	92.459	92.278	1.49815	0
359.68	90.966	92.2803	1.49795	0
360.47	91.943	92.2826	1.49774	0
361.25	93.467	92.2851	1.49754	0
362.04	90.933	92.2876	1.49733	0
362.82	91.77	92.2902	1.49713	0
363.61	91.354	92.2929	1.49693	0
364.4	92.448	92.2957	1.49673	0
365.18	91.4	92.2986	1.49654	0
365.97	92.747	92.3017	1.49634	0
366.75	91.699	92.3048	1.49615	0
367.54	90.617	92.3082	1.49595	0
368.33	92.859	92.3116	1.49576	0
369.11	92.132	92.3151	1.49557	0
369.9	89.579	92.3188	1.49538	0
370.68	91.006	92.3225	1.4952	0
371.47	91.659	92.3265	1.49501	0
372.25	92.134	92.3305	1.49483	0
373.04	92.119	92.3347	1.49464	0
373.82	88.855	92.339	1.49446	0
374.61	92.133	92.3434	1.49428	0
375.4	92.494	92.348	1.4941	0
376.18	91.126	92.3526	1.49392	0
376.97	92.116	92.3574	1.49375	0
377.75	93.203	92.3623	1.49357	0
378.54	92.051	92.3673	1.4934	0
379.32	93.382	92.3724	1.49322	0
380.11	92.71	92.3776	1.49305	0
380.89	91.521	92.3828	1.49288	0
381.67	91.991	92.3882	1.49271	0
382.46	92.642	92.3937	1.49254	0
383.24	93.684	92.3992	1.49238	0
384.03	91.492	92.4048	1.49221	0
384.81	91.486	92.4104	1.49205	0
385.6	91.662	92.4162	1.49188	0
386.38	91.748	92.422	1.49172	0
387.17	92.564	92.4279	1.49156	0
387.95	92.766	92.4337	1.4914	0
388.73	92.176	92.4396	1.49124	0
389.52	92.944	92.4456	1.49108	0
390.3	93.097	92.4515	1.49092	0
391.09	91.524	92.4575	1.49077	0
391.87	92.224	92.4635	1.49061	0
392.65	92.271	92.4694	1.49046	0
393.44	91.996	92.4755	1.4903	0
394.22	92.962	92.4814	1.49015	0
395	91.85	92.4874	1.49	0
395.79	92.273	92.4934	1.48985	0
396.57	92.692	92.4993	1.4897	0
397.35	92.14	92.5052	1.48956	0
398.14	91.511	92.5111	1.48941	0
398.92	93.294	92.5169	1.48926	0
399.7	91.591	92.5226	1.48912	0
400.49	92.922	92.5284	1.48897	0
401.27	94.115	92.534	1.48883	0
402.05	93.533	92.5396	1.48869	0
402.84	91.775	92.5452	1.48855	0
403.62	94.366	92.5506	1.48841	0
404.4	92.952	92.556	1.48827	0
405.18	93.727	92.5613	1.48813	0
405.97	92.323	92.5666	1.48799	0
406.75	92.293	92.5717	1.48785	0
407.53	91.585	92.5768	1.48772	0
408.31	92.944	92.5817	1.48758	0
409.1	93.495	92.5866	1.48745	0
409.88	93.183	92.5914	1.48731	0
410.66	92.383	92.5961	1.48718	0
411.44	92.793	92.6006	1.48705	0
412.22	93.536	92.6051	1.48692	0
413.01	92.245	92.6095	1.48679	0
413.79	92.694	92.6138	1.48666	0
414.57	91.817	92.618	1.48653	0
415.35	92.887	92.622	1.48641	0
416.13	93.29	92.626	1.48628	0
416.92	91.822	92.6299	1.48615	0
417.7	92.615	92.6336	1.48603	0
418.48	93.636	92.6372	1.4859	0
419.26	91.131	92.6407	1.48578	0
420.04	92.83	92.6441	1.48566	0
420.82	92.659	92.6474	1.48553	0
421.6	91.527	92.6506	1.48541	0
422.38	91.199	92.6537	1.48529	0
423.17	92.296	92.6567	1.48517	0
423.95	92.238	92.6596	1.48505	0
424.73	93.278	92.6624	1.48493	0
425.51	92.437	92.665	1.48482	0
426.29	92.428	92.6676	1.4847	0
427.07	92.538	92.6701	1.48458	0
427.85	92.384	92.6724	1.48447	0
428.63	93.35	92.6747	1.48435	0
429.41	92.553	92.6769	1.48424	0
430.19	93.145	92.679	1.48413	0
430.97	93.463	92.681	1.48401	0
431.75	91.358	92.6829	1.4839	0
432.53	92.001	92.6847	1.48379	0
433.31	91.729	92.6864	1.48368	0
434.09	92.916	92.6881	1.48357	0
434.87	93.127	92.6896	1.48346	0
435.65	93.679	92.6911	1.48335	0
436.43	92.635	92.6926	1.48324	0
437.21	92.297	92.6939	1.48314	0
437.99	92.292	92.6952	1.48303	0
438.77	92.92	92.6964	1.48292	0
439.55	92.336	92.6976	1.48282	0
440.33	91.469	92.6987	1.48271	0
441.11	91.824	92.6997	1.48261	0
441.89	94.092	92.7007	1.4825	0
442.67	92.294	92.7017	1.4824	0
443.45	91.505	92.7025	1.4823	0
444.23	92.002	92.7034	1.48219	0
445.01	91.79	92.7042	1.48209	0
445.79	93.002	92.7049	1.48199	0
446.57	92.674	92.7056	1.48189	0
447.35	92.674	92.7063	1.48179	0
448.12	92.155	92.707	1.48169	0
448.9	93.973	92.7076	1.48159	0
449.68	94.015	92.7082	1.4815	0
450.46	93.085	92.7087	1.4814	0
451.24	92.22	92.7093	1.4813	0
452.02	92.507	92.7098	1.48121	0
452.8	92.27	92.7103	1.48111	0
453.58	93.589	92.7108	1.48101	0
454.35	92.782	92.7113	1.48092	0
455.13	93.761	92.7118	1.48083	0
455.91	93.357	92.7123	1.48073	0
456.69	92.731	92.7127	1.48064	0
457.47	93.478	92.7132	1.48055	0
458.24	93.226	92.7136	1.48045	0
459.02	93.278	92.7141	1.48036	0
459.8	91.838	92.7146	1.48027	0
460.58	90.573	92.7151	1.48018	0
461.36	92.276	92.7155	1.48009	0
462.13	92.962	92.716	1.48	0
462.91	92.25	92.7165	1.47991	0
463.69	92.732	92.7171	1.47982	0
464.47	93.597	92.7176	1.47973	0
465.24	90.699	92.7181	1.47965	0
466.02	91.845	92.7187	1.47956	0
466.8	91.986	92.7193	1.47947	0
467.57	92.419	92.7199	1.47939	0
468.35	92.547	92.7206	1.4793	0
469.13	92.672	92.7212	1.47922	0
469.91	92.644	92.7219	1.47913	0
470.68	92.321	92.7226	1.47905	0
471.46	92.848	92.7234	1.47896	0
472.24	92.019	92.7242	1.47888	0
473.01	92.101	92.725	1.4788	0
473.79	92.895	92.7258	1.47871	0
474.57	93.158	92.7267	1.47863	0
475.34	91.423	92.7276	1.47855	0
476.12	93.481	92.7285	1.47847	0
476.9	93.333	92.7295	1.47839	0
477.67	93.288	92.7305	1.47831	0
478.45	92.614	92.7315	1.47823	0
479.22	93.982	92.7326	1.47815	0
480	92.853	92.7337	1.47807	0
480.78	92.577	92.7348	1.47799	0
481.55	93.381	92.736	1.47791	0
482.33	93.089	92.7372	1.47783	0
483.1	92.532	92.7385	1.47776	0
483.88	92.371	92.7398	1.47768	0
484.66	92.893	92.7411	1.4776	0
485.43	92.411	92.7425	1.47753	0
486.21	92.831	92.7439	1.47745	0
486.98	93.022	92.7453	1.47738	0
487.76	92.999	92.7468	1.4773	0
488.53	92.617	92.7483	1.47723	0
489.31	92.114	92.7499	1.47715	0
490.08	91.296	92.7515	1.47708	0
490.86	91.908	92.7531	1.477	0
491.63	92.903	92.7548	1.47693	0
492.41	92.442	92.7565	1.47686	0
493.18	92.453	92.7582	1.47679	0
493.96	92.161	92.76	1.47671	0
494.73	92.488	92.7618	1.47664	0
495.51	92.244	92.7636	1.47657	0
496.28	93.275	92.7655	1.4765	0
497.06	92.285	92.7674	1.47643	0
497.83	91.854	92.7694	1.47636	0
498.6	92.663	92.7713	1.47629	0
499.38	94.136	92.7733	1.47622	0
500.15	92.729	92.7754	1.47615	0
500.93	92.577	92.7774	1.47608	0
501.7	92.294	92.7795	1.47601	0
502.48	92.009	92.7817	1.47594	0
503.25	92.545	92.7838	1.47588	0
504.02	91.986	92.786	1.47581	0
504.8	92.585	92.7882	1.47574	0
505.57	93.001	92.7904	1.47568	0
506.34	92.184	92.7926	1.47561	0
507.12	92.973	92.7949	1.47554	0
507.89	93.328	92.7972	1.47548	0
508.67	93.138	92.7995	1.47541	0
509.44	93.267	92.8019	1.47535	0
510.21	94.278	92.8042	1.47528	0
510.99	94.022	92.8066	1.47522	0
511.76	92.962	92.809	1.47515	0
512.53	92.524	92.8114	1.47509	0
513.3	92.646	92.8138	1.47503	0
514.08	94.011	92.8163	1.47496	0
514.85	91.878	92.8187	1.4749	0
515.62	93.663	92.8212	1.47484	0
516.4	93.054	92.8237	1.47477	0
517.17	92.934	92.8262	1.47471	0
517.94	93.006	92.8286	1.47465	0
518.71	93.049	92.8312	1.47459	0
519.49	92.784	92.8337	1.47453	0
520.26	92.734	92.8362	1.47447	0
521.03	93.071	92.8387	1.47441	0
521.8	92.148	92.8413	1.47435	0
522.58	93.195	92.8439	1.47429	0
523.35	93.35	92.8464	1.47423	0
524.12	93.9	92.8489	1.47417	0
524.89	92.859	92.8515	1.47411	0
525.66	92.459	92.854	1.47405	0
526.44	93.565	92.8566	1.47399	0
527.21	92.853	92.8592	1.47393	0
527.98	92.036	92.8617	1.47387	0
528.75	93.05	92.8643	1.47382	0
529.52	94.347	92.8668	1.47376	0
530.29	92.507	92.8694	1.4737	0
531.07	93.128	92.8719	1.47364	0
531.84	92.522	92.8745	1.47359	0
532.61	93.736	92.877	1.47353	0
533.38	93.938	92.8795	1.47348	0
534.15	92.983	92.882	1.47342	0
534.92	93.122	92.8845	1.47336	0
535.69	92.968	92.887	1.47331	0
536.46	92.266	92.8895	1.47325	0
537.23	92.123	92.892	1.4732	0
538	92.221	92.8945	1.47314	0
538.78	91.987	92.8969	1.47309	0
539.55	93.628	92.8994	1.47304	0
540.32	93.28	92.9018	1.47298	0
541.09	92.746	92.9042	1.47293	0
541.86	93.002	92.9066	1.47287	0
542.63	92.74	92.909	1.47282	0
543.4	93.237	92.9114	1.47277	0
544.17	93.145	92.9137	1.47272	0
544.94	92.871	92.916	1.47266	0
545.71	92.443	92.9184	1.47261	0
546.48	92.846	92.9207	1.47256	0
547.25	93.95	92.9229	1.47251	0
548.02	93.963	92.9252	1.47246	0
548.79	93.368	92.9274	1.47241	0
549.56	92.677	92.9297	1.47235	0
550.33	93.228	92.9319	1.4723	0
551.1	93.71	92.934	1.47225	0
551.87	92.047	92.9362	1.4722	0
552.64	93.193	92.9383	1.47215	0
553.41	93.865	92.9405	1.4721	0
554.17	92.946	92.9425	1.47205	0
554.94	94.111	92.9446	1.472	0
555.71	93.959	92.9466	1.47195	0
556.48	93.413	92.9487	1.47191	0
557.25	92.781	92.9507	1.47186	0
558.02	93.547	92.9526	1.47181	0
558.79	92.65	92.9546	1.47176	0
559.56	92.908	92.9565	1.47171	0
560.33	93.011	92.9584	1.47166	0
561.09	93.606	92.9603	1.47162	0
561.86	92.602	92.9621	1.47157	0
562.63	92.727	92.964	1.47152	0
563.4	92.751	92.9658	1.47147	0
564.17	92.33	92.9675	1.47143	0
564.94	93.131	92.9693	1.47138	0
565.71	91.49	92.971	1.47133	0
566.47	93.239	92.9727	1.47129	0
567.24	93.922	92.9744	1.47124	0
568.01	92.825	92.976	1.4712	0
568.78	92.872	92.9776	1.47115	0
569.55	92.755	92.9792	1.47111	0
570.31	93.162	92.9808	1.47106	0
571.08	92.987	92.9823	1.47102	0
571.85	92.752	92.9838	1.47097	0
572.62	93.365	92.9853	1.47093	0
573.38	93.13	92.9868	1.47088	0
574.15	93.362	92.9882	1.47084	0
574.92	93.264	92.9896	1.47079	0
575.69	93.459	92.991	1.47075	0
576.45	92.995	92.9923	1.47071	0
577.22	93.058	92.9937	1.47066	0
577.99	93.428	92.995	1.47062	0
578.75	93.451	92.9962	1.47058	0
579.52	93.193	92.9975	1.47053	0
580.29	93.169	92.9987	1.47049	0
581.05	93.253	92.9999	1.47045	0
581.82	93.033	93.0011	1.4704	0
582.59	92.997	93.0022	1.47036	0
583.35	93.297	93.0033	1.47032	0
584.12	93.322	93.0044	1.47028	0
584.89	93.129	93.0055	1.47024	0
585.65	93.192	93.0065	1.4702	0
586.42	93.466	93.0075	1.47015	0
587.19	93.34	93.0085	1.47011	0
587.95	92.671	93.0095	1.47007	0
588.72	93.092	93.0104	1.47003	0
589.48	93.179	93.0113	1.46999	0
590.25	93.771	93.0122	1.46995	0
591.02	94.087	93.0131	1.46991	0
591.78	93.698	93.0139	1.46987	0
592.55	93.123	93.0148	1.46983	0
593.31	92.888	93.0156	1.46979	0
594.08	93.343	93.0163	1.46975	0
594.84	92.958	93.0171	1.46971	0
595.61	92.614	93.0178	1.46967	0
596.37	92.518	93.0185	1.46963	0
597.14	92.199	93.0192	1.46959	0
597.9	92.923	93.0199	1.46955	0
598.67	92.508	93.0205	1.46951	0
599.43	92.845	93.0212	1.46948	0
600.2	93.836	93.0218	1.46944	0
600.96	93.5	93.0223	1.4694	0
601.73	92.443	93.0229	1.46936	0
602.49	92.467	93.0234	1.46932	0
603.26	92.544	93.024	1.46929	0
604.02	92.768	93.0245	1.46925	0
604.79	92.851	93.025	1.46921	0
605.55	93.114	93.0254	1.46917	0
606.32	93.235	93.0259	1.46914	0
607.08	92.989	93.0263	1.4691	0
607.84	93.103	93.0267	1.46906	0
608.61	93.347	93.0271	1.46903	0
609.37	93.827	93.0275	1.46899	0
610.14	93.26	93.0279	1.46895	0
610.9	92.634	93.0282	1.46892	0
611.66	93.677	93.0285	1.46888	0
612.43	93.701	93.0288	1.46884	0
613.19	92.869	93.0291	1.46881	0
613.96	92.991	93.0294	1.46877	0
614.72	93.379	93.0297	1.46874	0
615.48	92.486	93.0299	1.4687	0
616.25	93.041	93.0302	1.46867	0
617.01	93.675	93.0304	1.46863	0
617.77	92.658	93.0306	1.4686	0
618.54	92.931	93.0308	1.46856	0
619.3	93.218	93.031	1.46853	0
620.06	92.906	93.0311	1.46849	0
620.82	92.909	93.0313	1.46846	0
621.59	93.403	93.0315	1.46842	0
622.35	92.476	93.0316	1.46839	0
623.11	92.828	93.0317	1.46835	0
623.88	92.988	93.0318	1.46832	0
624.64	92.68	93.0319	1.46829	0
625.4	92.671	93.032	1.46825	0
626.16	93.581	93.0321	1.46822	0
626.93	92.96	93.0322	1.46819	0
627.69	92.881	93.0322	1.46815	0
628.45	92.886	93.0323	1.46812	0
629.21	93.047	93.0323	1.46809	0
629.97	92.677	93.0324	1.46805	0
630.74	93.31	93.0324	1.46802	0
631.5	92.688	93.0324	1.46799	0
632.26	92.636	93.0324	1.46796	0
633.02	93.272	93.0324	1.46792	0
633.78	93.329	93.0324	1.46789	0
634.55	93.338	93.0324	1.46786	0
635.31	93.027	93.0324	1.46783	0
636.07	93.43	93.0324	1.4678	0
636.83	93.046	93.0323	1.46776	0
637.59	93.11	93.0323	1.46773	0
638.35	93.666	93.0323	1.4677	0
639.11	93.016	93.0322	1.46767	0
639.87	93.45	93.0322	1.46764	0
640.64	93.187	93.0321	1.46761	0
641.4	92.423	93.0321	1.46758	0
642.16	92.735	93.032	1.46755	0
642.92	93.023	93.0319	1.46751	0
643.68	93.411	93.0319	1.46748	0
644.44	93.022	93.0318	1.46745	0
645.2	93.817	93.0317	1.46742	0
645.96	92.956	93.0317	1.46739	0
646.72	93.177	93.0316	1.46736	0
647.48	92.744	93.0315	1.46733	0
648.24	93.135	93.0314	1.4673	0
649	93.395	93.0313	1.46727	0
649.76	92.491	93.0312	1.46724	0
650.52	93.475	93.0311	1.46721	0
651.28	92.437	93.0311	1.46718	0
652.04	93.677	93.031	1.46715	0
652.8	93.359	93.0309	1.46712	0
653.56	93.486	93.0308	1.4671	0
654.32	93.286	93.0307	1.46707	0
655.08	93.568	93.0306	1.46704	0
655.84	93.554	93.0305	1.46701	0
656.6	93.485	93.0304	1.46698	0
657.36	93.321	93.0303	1.46695	0
658.12	93.712	93.0303	1.46692	0
658.88	93.133	93.0302	1.46689	0
659.64	93.688	93.0301	1.46686	0
660.4	92.873	93.03	1.46684	0
661.16	92.997	93.0299	1.46681	0
661.91	93.299	93.0298	1.46678	0
662.67	92.822	93.0298	1.46675	0
663.43	92.962	93.0297	1.46672	0
664.19	92.749	93.0296	1.4667	0
664.95	93.006	93.0295	1.46667	0
665.71	92.714	93.0295	1.46664	0
666.47	93.343	93.0294	1.46661	0
667.23	92.855	93.0293	1.46659	0
667.98	93.123	93.0293	1.46656	0
668.74	92.937	93.0292	1.46653	0
669.5	91.813	93.0292	1.46651	0
670.26	93.011	93.0291	1.46648	0
671.02	93.005	93.0291	1.46645	0
671.77	92.855	93.029	1.46643	0
672.53	92.709	93.029	1.4664	0
673.29	92.915	93.029	1.46637	0
674.05	93.152	93.029	1.46635	0
674.81	93.237	93.0289	1.46632	0
675.56	92.999	93.0289	1.46629	0
676.32	92.564	93.0289	1.46627	0
677.08	92.624	93.0289	1.46624	0
677.84	93.019	93.0289	1.46621	0
678.59	92.643	93.0289	1.46619	0
679.35	93.162	93.0289	1.46616	0
680.11	93.216	93.0289	1.46614	0
680.86	93.005	93.0289	1.46611	0
681.62	93.292	93.0289	1.46609	0
682.38	92.707	93.029	1.46606	0
683.13	93.714	93.029	1.46603	0
683.89	92.87	93.029	1.46601	0
684.65	93.105	93.0291	1.46598	0
685.4	93	93.0291	1.46596	0
686.16	93.004	93.0292	1.46593	0
686.92	93.057	93.0293	1.46591	0
687.67	93.516	93.0293	1.46588	0
688.43	92.592	93.0294	1.46586	0
689.19	93.205	93.0295	1.46583	0
689.94	92.945	93.0296	1.46581	0
690.7	92.332	93.0297	1.46579	0
691.46	93.707	93.0298	1.46576	0
692.21	92.953	93.0299	1.46574	0
692.97	92.345	93.03	1.46571	0
693.72	92.463	93.0301	1.46569	0
694.48	93.026	93.0303	1.46566	0
695.23	92.98	93.0304	1.46564	0
695.99	93.152	93.0305	1.46562	0
696.75	93.338	93.0307	1.46559	0
697.5	93.006	93.0308	1.46557	0
698.26	93.207	93.031	1.46555	0
699.01	92.125	93.0312	1.46552	0
699.77	92.921	93.0313	1.4655	0
700.52	93.759	93.0315	1.46547	0
701.28	92.815	93.0317	1.46545	0
702.03	92.752	93.0319	1.46543	0
702.79	92.719	93.0321	1.4654	0
703.54	93.064	93.0323	1.46538	0
704.3	92.706	93.0325	1.46536	0
705.05	93.721	93.0328	1.46534	0
705.81	93.33	93.033	1.46531	0
706.56	93.225	93.0332	1.46529	0
707.31	93.01	93.0335	1.46527	0
708.07	92.665	93.0337	1.46525	0
708.82	92.588	93.034	1.46522	0
709.58	92.539	93.0342	1.4652	0
710.33	92.862	93.0345	1.46518	0
711.09	92.659	93.0348	1.46516	0
711.84	92.339	93.0351	1.46513	0
712.59	92.656	93.0354	1.46511	0
713.35	92.548	93.0357	1.46509	0
714.1	92.69	93.036	1.46507	0
714.85	93.083	93.0363	1.46504	0
715.61	92.626	93.0366	1.46502	0
716.36	92.972	93.037	1.465	0
717.11	93.473	93.0373	1.46498	0
717.87	92.718	93.0376	1.46496	0
718.62	93.065	93.038	1.46494	0
719.37	92.873	93.0384	1.46491	0
720.13	93.336	93.0387	1.46489	0
720.88	92.13	93.0391	1.46487	0
721.63	92.552	93.0395	1.46485	0
722.39	92.667	93.0399	1.46483	0
723.14	92.977	93.0402	1.46481	0
723.89	92.799	93.0406	1.46479	0
724.64	93.12	93.041	1.46477	0
725.4	92.679	93.0415	1.46474	0
726.15	93.008	93.0419	1.46472	0
726.9	93.414	93.0423	1.4647	0
727.65	93.441	93.0427	1.46468	0
728.41	92.841	93.0432	1.46466	0
729.16	93.185	93.0436	1.46464	0
729.91	92.751	93.0441	1.46462	0
730.66	92.886	93.0445	1.4646	0
731.42	93.178	93.045	1.46458	0
732.17	92.944	93.0455	1.46456	0
732.92	92.68	93.0459	1.46454	0
733.67	92.257	93.0464	1.46452	0
734.42	93.399	93.0469	1.4645	0
735.17	93.127	93.0474	1.46448	0
735.93	93.403	93.0479	1.46446	0
736.68	93.484	93.0484	1.46444	0
737.43	92.542	93.0489	1.46442	0
738.18	93.178	93.0495	1.4644	0
738.93	93.187	93.05	1.46438	0
739.68	93.01	93.0505	1.46436	0
740.43	93.35	93.0511	1.46434	0
741.18	92.613	93.0516	1.46432	0
741.94	93.278	93.0521	1.4643	0
742.69	92.438	93.0527	1.46428	0
743.44	93.23	93.0533	1.46426	0
744.19	93.712	93.0538	1.46424	0
744.94	93.595	93.0544	1.46422	0
745.69	92.797	93.055	1.4642	0
746.44	92.906	93.0556	1.46419	0
747.19	92.581	93.0561	1.46417	0
747.94	93.03	93.0567	1.46415	0
748.69	93.526	93.0573	1.46413	0
749.44	92.739	93.0579	1.46411	0
750.19	92.72	93.0585	1.46409	0
750.94	93.01	93.0592	1.46407	0
751.69	93.491	93.0598	1.46405	0
752.44	93.093	93.0604	1.46403	0
753.19	93.449	93.061	1.46402	0
753.94	92.99	93.0617	1.464	0
754.69	92.968	93.0623	1.46398	0
755.44	93.03	93.0629	1.46396	0
756.19	92.845	93.0636	1.46394	0
756.94	93.142	93.0642	1.46392	0
757.69	93.46	93.0649	1.46391	0
758.44	92.791	93.0655	1.46389	0
759.18	93.42	93.0662	1.46387	0
759.93	93.075	93.0669	1.46385	0
760.68	93.137	93.0675	1.46383	0
761.43	93.314	93.0682	1.46382	0
762.18	93.941	93.0689	1.4638	0
762.93	92.385	93.0696	1.46378	0
763.68	92.602	93.0703	1.46376	0
764.43	92.815	93.071	1.46374	0
765.18	92.875	93.0716	1.46373	0
765.92	93.055	93.0723	1.46371	0
766.67	93.436	93.073	1.46369	0
767.42	93.161	93.0737	1.46367	0
768.17	93.372	93.0745	1.46366	0
768.92	92.755	93.0752	1.46364	0
769.66	93.386	93.0759	1.46362	0
770.41	92.617	93.0766	1.4636	0
771.16	92.376	93.0773	1.46359	0
771.91	92.97	93.078	1.46357	0
772.66	93.722	93.0788	1.46355	0
773.4	92.896	93.0795	1.46354	0
774.15	93.474	93.0802	1.46352	0
774.9	93.376	93.081	1.4635	0
775.65	92.813	93.0817	1.46348	0
776.39	93.239	93.0824	1.46347	0
777.14	92.675	93.0832	1.46345	0
777.89	93.189	93.0839	1.46343	0
778.64	92.529	93.0847	1.46342	0
779.38	92.984	93.0854	1.4634	0
780.13	93.271	93.0862	1.46338	0
780.88	93.019	93.087	1.46337	0
781.62	93.443	93.0877	1.46335	0
782.37	93.031	93.0885	1.46333	0
783.12	93.047	93.0892	1.46332	0
783.86	92.882	93.09	1.4633	0
784.61	92.915	93.0908	1.46329	0
785.36	92.755	93.0915	1.46327	0
786.1	92.924	93.0923	1.46325	0
786.85	92.546	93.0931	1.46324	0
787.59	93.47	93.0938	1.46322	0
788.34	93.156	93.0946	1.4632	0
789.09	93.455	93.0954	1.46319	0
789.83	92.27	93.0962	1.46317	0
790.58	92.867	93.097	1.46316	0
791.32	93.164	93.0977	1.46314	0
792.07	92.9	93.0985	1.46313	0
792.82	93.189	93.0993	1.46311	0
793.56	92.689	93.1001	1.46309	0
794.31	92.627	93.1009	1.46308	0
795.05	92.707	93.1017	1.46306	0
795.8	93.427	93.1024	1.46305	0
796.54	93.11	93.1032	1.46303	0
797.29	93.481	93.104	1.46302	0
798.03	93.004	93.1048	1.463	0
798.78	92.827	93.1056	1.46298	0
799.52	92.617	93.1064	1.46297	0
800.27	92.804	93.1072	1.46295	0
801.01	93.353	93.108	1.46294	0
801.76	93.048	93.1088	1.46292	0
802.5	93.008	93.1096	1.46291	0
803.25	93.251	93.1104	1.46289	0
803.99	93.367	93.1112	1.46288	0
804.73	93.004	93.1119	1.46286	0
805.48	92.894	93.1127	1.46285	0
806.22	93.082	93.1135	1.46283	0
806.97	93.527	93.1143	1.46282	0
807.71	93.598	93.1151	1.4628	0
808.46	93.36	93.1159	1.46279	0
809.2	93.319	93.1167	1.46277	0
809.94	92.1	93.1175	1.46276	0
810.69	92.746	93.1183	1.46274	0
811.43	93.145	93.1191	1.46273	0
812.17	93.063	93.1199	1.46272	0
812.92	93.011	93.1207	1.4627	0
813.66	92.21	93.1215	1.46269	0
814.4	93.117	93.1223	1.46267	0
815.15	93.365	93.1231	1.46266	0
815.89	92.585	93.1239	1.46264	0
816.63	93.283	93.1246	1.46263	0
817.38	93.158	93.1254	1.46261	0
818.12	93.028	93.1262	1.4626	0
818.86	92.327	93.127	1.46259	0
819.61	92.909	93.1278	1.46257	0
820.35	93.349	93.1286	1.46256	0
821.09	93.031	93.1294	1.46254	0
821.83	92.917	93.1302	1.46253	0
822.58	92.456	93.131	1.46251	0
823.32	92.821	93.1317	1.4625	0
824.06	92.956	93.1325	1.46249	0
824.8	92.803	93.1333	1.46247	0
825.54	92.593	93.1341	1.46246	0
826.29	93.52	93.1349	1.46245	0
827.03	92.513	93.1356	1.46243	0
827.77	92.985	93.1364	1.46242	0
828.51	92.215	93.1372	1.4624	0
829.25	92.92	93.138	1.46239	0
830	92.541	93.1387	1.46238	0
830.74	92.087	93.1395	1.46236	0
831.48	92.561	93.1403	1.46235	0
832.22	92.835	93.141	1.46234	0
832.96	93.084	93.1418	1.46232	0
833.7	93.056	93.1426	1.46231	0
834.44	92.611	93.1433	1.4623	0
835.19	92.89	93.1441	1.46228	0
835.93	93.137	93.1449	1.46227	0
836.67	93.265	93.1456	1.46226	0
837.41	92.522	93.1464	1.46224	0
838.15	93.101	93.1471	1.46223	0
838.89	92.946	93.1479	1.46222	0
839.63	93.147	93.1486	1.4622	0
840.37	92.842	93.1494	1.46219	0
841.11	93.274	93.1501	1.46218	0
841.85	92.278	93.1509	1.46216	0
842.59	92.762	93.1516	1.46215	0
843.33	93.184	93.1523	1.46214	0
844.07	92.835	93.1531	1.46212	0
844.81	93.266	93.1538	1.46211	0
845.55	93.888	93.1546	1.4621	0
846.29	93.304	93.1553	1.46209	0
847.03	92.679	93.156	1.46207	0
847.77	93.279	93.1567	1.46206	0
848.51	93.161	93.1575	1.46205	0
849.25	92.496	93.1582	1.46204	0
849.99	92.804	93.1589	1.46202	0
850.73	93.027	93.1596	1.46201	0
851.47	92.624	93.1603	1.462	0
852.21	93.081	93.1611	1.46199	0
852.95	92.798	93.1618	1.46197	0
853.69	92.766	93.1625	1.46196	0
854.43	92.596	93.1632	1.46195	0
855.17	92.88	93.1639	1.46194	0
855.9	92.766	93.1646	1.46192	0
856.64	93.472	93.1653	1.46191	0
857.38	93.264	93.166	1.4619	0
858.12	92.858	93.1667	1.46189	0
858.86	93.208	93.1674	1.46187	0
859.6	92.832	93.168	1.46186	0
860.34	93.249	93.1687	1.46185	0
861.07	92.935	93.1694	1.46184	0
861.81	92.887	93.1701	1.46183	0
862.55	93.217	93.1708	1.46181	0
863.29	93.083	93.1714	1.4618	0
864.03	92.907	93.1721	1.46179	0
864.76	93.177	93.1728	1.46178	0
865.5	92.762	93.1734	1.46177	0
866.24	93.17	93.1741	1.46175	0
866.98	93.044	93.1747	1.46174	0
867.72	93.363	93.1754	1.46173	0
868.45	92.757	93.1761	1.46172	0
869.19	92.644	93.1767	1.46171	0
869.93	92.775	93.1774	1.46169	0
870.67	92.562	93.178	1.46168	0
871.4	92.889	93.1786	1.46167	0
872.14	92.451	93.1793	1.46166	0
872.88	92.865	93.1799	1.46165	0
873.61	92.27	93.1805	1.46164	0
874.35	93.088	93.1812	1.46162	0
875.09	93.357	93.1818	1.46161	0
875.82	93.054	93.1824	1.4616	0
876.56	92.226	93.183	1.46159	0
877.3	94.102	93.1836	1.46158	0
878.03	93.002	93.1843	1.46157	0
878.77	93.364	93.1849	1.46156	0
879.51	93.81	93.1855	1.46154	0
880.24	93.084	93.1861	1.46153	0
880.98	93.771	93.1867	1.46152	0
881.71	92.703	93.1873	1.46151	0
882.45	93.567	93.1879	1.4615	0
883.19	92.654	93.1885	1.46149	0
883.92	93.318	93.189	1.46148	0
884.66	92.671	93.1896	1.46147	0
885.39	93.495	93.1902	1.46146	0
886.13	92.94	93.1908	1.46144	0
886.86	93.255	93.1913	1.46143	0
887.6	93.194	93.1919	1.46142	0
888.34	93.261	93.1925	1.46141	0
889.07	92.842	93.193	1.4614	0
889.81	93.043	93.1936	1.46139	0
890.54	93.873	93.1942	1.46138	0
891.28	93.004	93.1947	1.46137	0
892.01	93.36	93.1953	1.46136	0
892.75	93.038	93.1958	1.46135	0
893.48	93.43	93.1964	1.46133	0
894.22	93.211	93.1969	1.46132	0
894.95	92.643	93.1974	1.46131	0
895.68	93.235	93.198	1.4613	0
896.42	93.644	93.1985	1.46129	0
897.15	92.68	93.199	1.46128	0
897.89	92.814	93.1995	1.46127	0
898.62	92.852	93.2001	1.46126	0
899.36	93.646	93.2006	1.46125	0
900.09	92.844	93.2011	1.46124	0
900.82	92.682	93.2016	1.46123	0
901.56	91.334	93.2021	1.46122	0
902.29	92.995	93.2026	1.46121	0
903.03	92.957	93.2031	1.4612	0
903.76	93.307	93.2036	1.46119	0
904.49	92.676	93.2041	1.46118	0
905.23	93.243	93.2046	1.46117	0
905.96	93.706	93.2051	1.46116	0
906.69	93.291	93.2055	1.46115	0
907.43	92.504	93.206	1.46114	0
908.16	93.607	93.2065	1.46113	0
908.89	93.375	93.207	1.46112	0
909.62	92.942	93.2074	1.4611	0
910.36	93.299	93.2079	1.46109	0
911.09	92.514	93.2084	1.46108	0
911.82	92.689	93.2088	1.46107	0
912.56	93.654	93.2093	1.46106	0
913.29	93.789	93.2097	1.46105	0
914.02	92.68	93.2102	1.46104	0
914.75	92.387	93.2106	1.46103	0
915.49	93.03	93.2111	1.46102	0
916.22	93.085	93.2115	1.46101	0
916.95	93.91	93.2119	1.461	0
917.68	92.955	93.2124	1.46099	0
918.41	93.213	93.2128	1.46098	0
919.15	92.981	93.2132	1.46097	0
919.88	92.746	93.2136	1.46096	0
920.61	92.192	93.2141	1.46096	0
921.34	92.35	93.2145	1.46095	0
922.07	93.551	93.2149	1.46094	0
922.8	92.978	93.2153	1.46093	0
923.54	93.072	93.2157	1.46092	0
924.27	92.747	93.2161	1.46091	0
925	94.017	93.2165	1.4609	0
925.73	93.342	93.2169	1.46089	0
926.46	93.142	93.2173	1.46088	0
927.19	91.758	93.2177	1.46087	0
927.92	92.705	93.218	1.46086	0
928.65	93.597	93.2184	1.46085	0
929.38	93.284	93.2188	1.46084	0
930.11	93.585	93.2192	1.46083	0
930.85	92.453	93.2195	1.46082	0
931.58	91.989	93.2199	1.46081	0
932.31	93.193	93.2203	1.4608	0
933.04	92.224	93.2206	1.46079	0
933.77	92.391	93.221	1.46078	0
934.5	92.885	93.2213	1.46077	0
935.23	93.27	93.2217	1.46076	0
935.96	92.456	93.222	1.46076	0
936.69	93.022	93.2224	1.46075	0
937.42	93.337	93.2227	1.46074	0
938.15	93.055	93.2231	1.46073	0
938.88	93.691	93.2234	1.46072	0
939.61	93.322	93.2237	1.46071	0
940.34	92.595	93.224	1.4607	0
941.06	93.324	93.2244	1.46069	0
941.79	92.299	93.2247	1.46068	0
942.52	92.89	93.225	1.46067	0
943.25	93.461	93.2253	1.46066	0
943.98	93.247	93.2256	1.46065	0
944.71	93.318	93.2259	1.46065	0
945.44	92.494	93.2262	1.46064	0
946.17	92.907	93.2265	1.46063	0
946.9	92.386	93.2268	1.46062	0
947.63	92.953	93.2271	1.46061	0
948.35	92.157	93.2274	1.4606	0
949.08	93.465	93.2277	1.46059	0
949.81	92.699	93.228	1.46058	0
950.54	92.464	93.2283	1.46057	0
951.27	93.03	93.2286	1.46057	0
952	92.74	93.2288	1.46056	0
952.72	93.336	93.2291	1.46055	0
953.45	93.357	93.2294	1.46054	0
954.18	93.503	93.2297	1.46053	0
954.91	93.078	93.2299	1.46052	0
955.64	93.173	93.2302	1.46051	0
956.36	92.117	93.2304	1.4605	0
957.09	92.469	93.2307	1.4605	0
957.82	93.548	93.2309	1.46049	0
958.55	93.005	93.2312	1.46048	0
959.27	93.162	93.2314	1.46047	0
960	92.325	93.2317	1.46046	0
960.73	92.675	93.2319	1.46045	0
961.45	92.553	93.2322	1.46044	0
962.18	92.801	93.2324	1.46044	0
962.91	93.437	93.2326	1.46043	0
963.64	92.764	93.2329	1.46042	0
964.36	92.928	93.2331	1.46041	0
965.09	91.68	93.2333	1.4604	0
965.82	92.849	93.2335	1.46039	0
966.54	93.044	93.2337	1.46038	0
967.27	92.385	93.234	1.46038	0
968	93.539	93.2342	1.46037	0
968.72	91.848	93.2344	1.46036	0
969.45	93.246	93.2346	1.46035	0
970.17	92.754	93.2348	1.46034	0
970.9	93.987	93.235	1.46034	0
971.63	92.417	93.2352	1.46033	0
972.35	93.401	93.2354	1.46032	0
973.08	93.584	93.2356	1.46031	0
973.8	93.13	93.2358	1.4603	0
974.53	92.231	93.2359	1.46029	0
975.25	93.6	93.2361	1.46029	0
975.98	93.333	93.2363	1.46028	0
976.7	92.575	93.2365	1.46027	0
977.43	92.684	93.2367	1.46026	0
978.16	92.582	93.2368	1.46025	0
978.88	92.978	93.237	1.46025	0
979.61	92.357	93.2372	1.46024	0
980.33	93.59	93.2373	1.46023	0
981.06	-125	93.2375	1.46022	0
981.78	-100	93.2377	1.46021	0
982.5	-166.666	93.2378	1.46021	0
983.23	-33.333	93.238	1.4602	0
983.95	72.727	93.2381	1.46019	0
984.68	110	93.2383	1.46018	0
985.4	50	93.2384	1.46017	0
986.13	71.429	93.2386	1.46017	0
986.85	84.615	93.2387	1.46016	0
987.57	20	93.2388	1.46015	0
988.3	91.916	93.239	1.46014	0
989.02	92.825	93.2391	1.46013	0
989.75	92.007	93.2393	1.46013	0
990.47	93.192	93.2394	1.46012	0
991.19	92.798	93.2395	1.46011	0
991.92	92.878	93.2396	1.4601	0
992.64	266.666	93.2398	1.4601	0
993.36	150	93.2399	1.46009	0
994.09	-50	93.24	1.46008	0
994.81	75	93.2401	1.46007	0
